[1412.8,
 692.4,
 1356.5,
 1485.1,
 2339.7,
 2951.7,
 543.3,
 223.9,
 785.3,
 1743.7,
 890.7,
 826.5,
 1490.2,
 1832.2,
 1064.0,
 538.8,
 673.4,
 1553.4,
 1292.7,
 966.1,
 1836.7,
 2141.8,
 2134.4,
 619.7,
 1759.0,
 1027.5,
 628.6,
 950.7,
 1050.5,
 1050.5,
 758.7,
 1442.2,
 1125.2,
 947.7,
 1128.8,
 1485.1,
 1323.2,
 754.5,
 1276.6,
 1256.3,
 754.5,
 1105.7,
 923.6,
 1221.4,
 445.5,
 1661.9,
 2273.3,
 759.8,
 1395.6,
 749.0,
 1077.9,
 1421.8,
 1726.6,
 979.2,
 515.3,
 756.5,
 819.0,
 1800.8,
 812.1,
 890.0,
 506.4,
 558.0,
 932.3,
 66.0,
 1908.6,
 973.1,
 1695.6,
 324.6,
 619.9,
 773.4,
 1448.6,
 750.0,
 1170.7,
 1049.2,
 1270.8,
 1052.9,
 499.4,
 1428.4,
 62.2,
 406.1,
 684.1,
 1226.4,
 1953.3,
 624.0,
 1157.8,
 554.8,
 762.1,
 1697.9,
 657.9,
 1647.1,
 901.8,
 1861.2,
 1125.6,
 760.4,
 619.9,
 1477.7,
 5030.3,
 587.1,
 1489.4,
 1176.6,
 752.1,
 1116.1,
 1551.2,
 1707.5,
 1130.4,
 232.1,
 377.0,
 1235.7,
 400.2,
 1114.1,
 1995.6,
 1677.3,
 1497.3,
 245.7,
 356.5,
 283.7,
 1817.8,
 152.9,
 663.6,
 1679.6,
 675.7,
 735.6,
 423.8,
 310.3,
 408.9,
 2419.7,
 4686.8,
 963.4,
 1799.8,
 967.4,
 1298.6,
 1110.5,
 1555.2,
 630.7,
 836.4,
 781.5,
 775.5,
 2911.7,
 250.5,
 535.4,
 847.9,
 1998.0,
 2982.1,
 997.1,
 782.0,
 1738.8,
 317.7,
 186.8,
 1262.7,
 354.1,
 1023.4,
 727.1,
 924.2,
 1811.1,
 356.7,
 39790.5,
 40.7,
 1125.6,
 1596.3,
 1279.4,
 686.4,
 1736.0,
 699.8,
 259.5,
 663.1,
 888.1,
 410.7,
 525.2,
 1192.1,
 1262.2,
 1474.6,
 584.7,
 774.4,
 165.7,
 2245.6,
 2245.6,
 2039.1,
 2309.9,
 1517.5,
 677.3,
 2031.1,
 452.6,
 4683.3,
 2446.4,
 1464.2,
 440.8,
 1640.7,
 1311.1,
 2018.3,
 1071.6,
 853.7,
 775.6,
 4440.4,
 995.7,
 1315.1,
 1725.3,
 1784.4,
 375.4,
 716.1,
 1391.2,
 433.3,
 947.4,
 728.4,
 1785.9,
 1391.2,
 473.8,
 1638.2,
 1191.6,
 973.1,
 378.6,
 14.4,
 319.5,
 2449.9,
 831.5,
 1488.8,
 1812.1,
 906.2,
 1564.7,
 736.1,
 1585.6,
 1566.4,
 6557.4,
 308.7,
 1368.6,
 1368.6,
 1368.6,
 1604.0,
 1128.0,
 926.5,
 2293.4,
 1789.4,
 336.3,
 1391.2,
 1368.6,
 1252.1,
 630.7,
 618.4,
 618.4,
 1696.2,
 430.5,
 1537.8,
 2082.6,
 1298.0,
 1440.9,
 785.7,
 1157.3,
 1212.1,
 388.2,
 1508.2,
 935.0,
 1465.6,
 95.5,
 464.0,
 1429.3,
 1786.5,
 1866.0,
 1292.7,
 422.0,
 773.4,
 1487.3,
 1327.9,
 2403.3,
 944.4,
 2464.7,
 2048.0,
 931.6,
 714.9,
 2303.2,
 1327.9,
 1585.9,
 825.2,
 1348.7,
 2622.9,
 1201.1,
 368.1,
 556.1,
 415.7,
 559.5,
 426.5,
 998.3,
 465.5,
 1858.3,
 845.0,
 1773.9,
 1232.0,
 1155.0,
 845.0,
 184.9,
 224.7,
 357.8,
 1904.5,
 1804.1,
 1898.1,
 1453.4,
 1966.1,
 1696.6,
 575.8,
 2846.4,
 1093.4,
 114.3,
 278.8,
 2574.1,
 1461.0,
 671.6,
 1470.8,
 1436.2,
 499.0,
 136.1,
 637.8,
 2411.7,
 232.6,
 775.5,
 1392.9,
 2436.8,
 1727.5,
 538.5,
 890.0,
 381.5,
 967.2,
 1292.7,
 1488.4,
 1542.5,
 286.0,
 1055.9,
 2069.0,
 1368.6,
 764.8,
 2428.8,
 438.2,
 3910.8,
 164.7,
 388.9,
 1096.6,
 1906.1,
 3778.6,
 1741.2,
 972.8,
 1221.4,
 1290.4,
 400.8,
 1791.4,
 1366.3,
 1906.0,
 1880.8,
 344.2,
 547.8,
 1738.8,
 4283.3,
 1079.0,
 1598.9,
 677.8,
 940.2,
 1146.9,
 1165.3,
 1741.2,
 1292.7,
 399.5,
 786.6,
 4715.0,
 2946.2,
 1277.3,
 1422.5,
 1050.5,
 473.8,
 2128.4,
 844.8,
 1101.4,
 391.2,
 1010.3,
 1697.1,
 2047.8,
 4638.5,
 1711.6,
 1461.0,
 760.4,
 823.7,
 1064.3,
 837.5,
 2047.8,
 595.0,
 1106.1,
 621.8,
 584.2,
 1015.1,
 698.9,
 2442.2,
 1473.1,
 2574.1,
 561.8,
 1775.2,
 3381.7,
 5232.1,
 944.0,
 1922.2,
 19775.4,
 4525.3,
 1010.9,
 3281.5,
 979.7,
 906.7,
 930.2,
 1838.8,
 3272.0,
 618.7,
 668.1,
 1481.4,
 1302.4,
 1346.0,
 1603.6,
 2302.4,
 529.0,
 1368.6,
 1334.0,
 1137.9,
 165.0,
 1020.1,
 1648.1,
 973.5,
 415.7,
 336.8,
 1327.7,
 1141.3,
 1302.4,
 1270.8,
 1302.4,
 3746.3,
 283.7,
 1103.0,
 548.0,
 854.2,
 2662.7,
 1050.5,
 1365.9,
 1365.9,
 620.7,
 1975.2,
 1266.1,
 1595.7,
 1302.4,
 2494.6,
 971.4,
 3272.0,
 837.5,
 925.9,
 1187.5,
 1187.5,
 806.5,
 1274.5,
 802.0,
 1314.8,
 2350.0,
 757.7,
 674.5,
 2201.8,
 2574.2,
 1454.4,
 1485.4,
 399.5,
 1269.1,
 760.4,
 760.4,
 218.2,
 1134.3,
 1895.8,
 335.5,
 2082.6,
 1043.1,
 1488.8,
 3053.3,
 1771.0,
 1460.3,
 512.8,
 923.3,
 825.4,
 2263.6,
 1714.1,
 1106.5,
 760.7,
 303.2,
 665.1,
 3551.7,
 3671.5,
 470.6,
 1089.8,
 1579.9,
 769.3,
 533.6,
 1789.4,
 528.4,
 690.8,
 1294.2,
 781.2,
 2449.9,
 932.0,
 752.7,
 1368.6,
 1355.8,
 884.2,
 605.7,
 1368.6,
 1373.8,
 1368.6,
 1095.2,
 1244.8,
 3049.4,
 442.2,
 927.9,
 2695.5,
 782.5,
 1539.2,
 256.9,
 1666.2,
 1783.0,
 932.0,
 5374.1,
 1054.7,
 1970.9,
 650.8,
 1928.3,
 508.4,
 1876.0,
 1044.9,
 797.9,
 871.7,
 563.1,
 790.6,
 1003.1,
 965.8,
 1048.9,
 1691.1,
 1049.5,
 489.3,
 1041.7,
 1339.4,
 1172.6,
 1596.8,
 1358.2,
 1472.5,
 970.3,
 4.4,
 798.8,
 149.1,
 2352.1,
 601.2,
 494.5,
 1289.4,
 1873.0,
 1474.6,
 2238.6,
 2367.5,
 1221.7,
 1360.8,
 1511.9,
 598.9,
 606.5,
 1151.8,
 368.1,
 444.8,
 1410.6,
 2421.8,
 1519.1,
 411.3,
 1036.6,
 2445.8,
 1520.9,
 1006.5,
 1006.5,
 735.4,
 1980.3,
 1139.3,
 434.7,
 1258.9,
 429.9,
 1442.7,
 619.9,
 2470.0,
 1622.2,
 695.6,
 556.6,
 1766.2,
 633.7,
 813.9,
 1479.9,
 658.4,
 417.8,
 845.0,
 1800.8,
 2116.7,
 1197.8,
 1867.4,
 1598.4,
 919.6,
 1012.3,
 783.3,
 3090.0,
 1525.8,
 2405.3,
 998.8,
 1077.9,
 614.3,
 1550.6,
 1104.8,
 249.3,
 643.8,
 1592.2,
 909.0,
 1807.5,
 880.9,
 859.8,
 318.6,
 1366.3,
 1472.5,
 996.6,
 1998.9,
 302.1,
 302.1,
 583.3,
 840.5,
 1380.8,
 990.3,
 838.3,
 5065.9,
 592.8,
 682.1,
 921.8,
 2484.7,
 723.2,
 902.7,
 2259.4,
 1595.6,
 409.1,
 2020.6,
 1754.8,
 474.4,
 381.5,
 249.3,
 580.4,
 500.4,
 820.6,
 661.8,
 989.8,
 2153.0,
 945.5,
 1627.8,
 580.8,
 4047.4,
 370.2,
 370.2,
 1441.3,
 365.4,
 757.1,
 2006.2,
 1910.0,
 397.6,
 447.3,
 2315.2,
 260.9,
 299.7,
 810.9,
 1270.4,
 1540.4,
 868.0,
 1391.2,
 781.2,
 547.8,
 1095.9,
 2268.9,
 964.1,
 1038.9,
 775.6,
 690.6,
 587.0,
 542.4,
 866.2,
 306.3,
 2217.4,
 1145.0,
 1346.5,
 413.9,
 1458.6,
 944.0,
 61609.1,
 1092.2,
 989.8,
 924.2,
 384.3,
 331.7,
 750.5,
 333.3,
 1800.8,
 1087.7,
 637.7,
 2865.0,
 3031.0,
 2011.8,
 65.4,
 732.1,
 1334.8,
 1335.2,
 1056.5,
 1599.2,
 4656.8,
 259.5,
 658.9,
 2083.7,
 1565.2,
 1677.5,
 4076.7,
 608.5,
 509.1,
 948.8,
 1219.4,
 1875.9,
 1716.9,
 965.9,
 333.8,
 2621.0,
 633.6,
 753.6,
 651.2,
 1117.6,
 745.1,
 1218.5,
 2302.4,
 905.4,
 1702.1,
 2014.7,
 921.8,
 2234.8,
 308.5,
 661.8,
 955.3,
 861.5,
 1591.4,
 1381.6,
 1137.2,
 259.2,
 2048.3,
 588.5,
 283.7,
 1306.5,
 1302.4,
 2635.0,
 547.8,
 455.7,
 2131.1,
 643.8,
 4086.2,
 699.8,
 1136.6,
 1064.3,
 3294.4,
 1391.3,
 842.0,
 3065.3,
 1638.2,
 2100.7,
 305.4,
 1556.5,
 1974.3,
 913.7,
 736.3,
 1479.9,
 1844.3,
 365.5,
 452.3,
 1339.4,
 319.8,
 523.5,
 1758.2,
 641.1,
 545.1,
 1020.2,
 415.7,
 678.7,
 620.5,
 1531.9,
 218.2,
 259.5,
 2209.3,
 1485.9,
 4266.4,
 1294.1,
 1219.9,
 650.8,
 2220.0,
 3031.0,
 1800.7,
 1456.9,
 522.6,
 1091.6,
 467.1,
 2574.1,
 451.0,
 762.1,
 2209.1,
 1219.9,
 1624.8,
 515.3,
 776.3,
 557.4,
 2559.0,
 470.4,
 1516.7,
 783.3,
 4909.7,
 736.3,
 500.4,
 1221.7,
 546.6,
 591.8,
 782.6,
 1635.2,
 1921.8,
 1302.4,
 651.2,
 1786.5,
 659.0,
 336.8,
 1146.9,
 1707.5,
 3243.5,
 1566.1,
 1710.2,
 1037.0,
 523.5,
 1677.8,
 499.0,
 455.7,
 1266.1,
 1132.1,
 995.9,
 1006.3,
 454.1,
 1574.2,
 1210.3,
 4052.8,
 984.9,
 635.7,
 2317.9,
 2317.9,
 836.4,
 2438.3,
 7062.8,
 1665.0,
 1293.0,
 2561.2,
 2557.2,
 1099.3,
 1866.0,
 301.4,
 682.1,
 4728.2,
 410.7,
 1400.1,
 225.8,
 846.8,
 766.4,
 989.2,
 1217.1,
 489.4,
 639.9,
 890.9,
 1296.3,
 1141.5,
 5568.5,
 1666.3,
 326.0,
 1661.9,
 1339.9,
 734.9,
 397.6,
 775.6,
 1211.8,
 1485.9,
 1729.3,
 1132.3,
 1052.9,
 1220.3,
 78.6,
 451.0,
 1800.8,
 2621.0,
 357.8,
 1516.7,
 1298.6,
 430.6,
 1146.9,
 1631.3,
 1983.8,
 1136.6,
 1720.2,
 3898.4,
 1194.9,
 249.3,
 5256.1,
 357.8,
 1146.9,
 2235.7,
 909.2,
 1608.9,
 1117.0,
 1175.4,
 1758.3,
 559.1,
 612.9,
 3674.9,
 1733.7,
 423.8,
 1669.2,
 1062.5,
 516.6,
 634.4,
 1126.7,
 1485.9,
 1302.4,
 344.0,
 1485.9,
 1155.9,
 5180.5,
 905.4,
 732.1,
 836.4,
 1302.4,
 1302.4,
 841.8,
 357.8,
 1146.9,
 1022.6,
 1155.9,
 1254.2,
 753.9,
 1485.9,
 1302.4,
 1550.1,
 1146.9,
 1820.3,
 2297.4,
 1146.9,
 1820.3,
 334.7,
 3623.6,
 836.4,
 78.1,
 3776.8,
 1475.1,
 635.7,
 1234.3,
 1485.1,
 5855.7,
 1508.6,
 302.1,
 2494.6,
 1697.9,
 2487.3,
 3691.9,
 1545.2,
 1054.7,
 1009.9,
 619.9,
 1283.8,
 2246.0,
 1440.4,
 6403.0,
 5212.6,
 283.7,
 1030.7,
 1785.9,
 2034.6,
 926.9,
 1595.7,
 1100.9,
 2574.1,
 629.6,
 631.7,
 630.2,
 1114.8,
 1134.7,
 2236.4]