[1391.0,
 2449.3,
 4827.6,
 851.9,
 1492.3,
 1094.5,
 7559.8,
 4453.2,
 4418.2,
 1041.3,
 2819.2,
 914.4,
 1290.4,
 4264.6,
 3463.3,
 2405.9,
 2070.1,
 3834.3,
 3049.4,
 1621.8,
 1125.7,
 4306.2,
 417.1,
 1302.1,
 2654.6,
 2915.3,
 2322.2,
 2859.4,
 1004.3,
 4329.6,
 846.5,
 1070.7,
 5028.3,
 987.7,
 430.3,
 1848.9,
 512.3,
 2225.1,
 2540.0,
 832.5,
 3284.9,
 3258.0,
 1425.5,
 2415.7,
 2839.6,
 1450.1,
 11490.7,
 1913.5,
 5795.6,
 2579.7,
 1208.8,
 3271.4,
 4965.2,
 3077.9,
 5780.6,
 1192.7,
 2006.0,
 1308.7,
 3572.0,
 966.5,
 3038.6,
 253.8,
 1328.1,
 1738.2,
 612.1,
 5679.6,
 1161.1,
 801.6,
 1681.6,
 969.6,
 471.9,
 535.4,
 2581.7,
 2151.4,
 3605.9,
 3946.0,
 31976.8,
 740.4,
 5590.7,
 3677.0,
 2393.4,
 2050.9,
 26174.9,
 2365.5,
 1835.7,
 595.3,
 2261.6,
 2209.4,
 499.0,
 4653.8,
 1242.1,
 21733.1,
 1933.3,
 6717.2,
 1220.1,
 707.9,
 150.0,
 3089.1,
 9724.9,
 6793.8,
 9438.7,
 2101.0,
 32939.2,
 4136.4,
 5069.0,
 1972.9,
 1406.5,
 2222.6,
 1887.3,
 4259.1,
 1816.1,
 1447.9,
 17920.2,
 1334.6,
 1238.0,
 6422.9,
 19514.3,
 4251.7,
 1437.2,
 2125.1,
 2425.2,
 5071.5,
 2942.5,
 2050.6,
 2599.9,
 1357.5,
 5758.8,
 1577.8,
 1621.0,
 1472.4,
 1391.0,
 27890.4,
 684.8,
 2774.3,
 3811.5,
 3754.6,
 980.5,
 5083.3,
 1307.3,
 5580.8,
 1519.8,
 2211.6,
 1053.3,
 1055.6,
 12220.2,
 2708.0,
 2148.9,
 1526.0,
 797.2,
 2259.3,
 3879.1,
 764.2,
 3730.8,
 216.6,
 6781.9,
 679.6,
 3472.2,
 4743.7,
 860.3,
 3256.2,
 7764.6,
 1540.9,
 2330.3,
 5450.0,
 4561.0,
 1756.8,
 3786.0,
 1333.7,
 1673.9,
 2846.7,
 1516.1,
 3974.8,
 2723.5,
 2753.7,
 7724.9,
 3749.4,
 2920.2,
 1262.1,
 1048.2,
 14299.2,
 2085.8,
 394.4,
 1508.9,
 7195.9,
 1336.4,
 328.9,
 2011.1,
 3873.9,
 1003.9,
 1266.1,
 2426.2,
 1686.4,
 512.3,
 3746.7,
 4491.1,
 3298.1,
 3.2,
 2189.6,
 1014.8,
 3093.8,
 1328.2,
 1378.1,
 3366.8,
 281.5,
 950.8,
 721.5,
 2247.3,
 3232.0,
 2131.9,
 410.5,
 900.8,
 2189.6,
 2129.4,
 1865.2,
 3205.6,
 4503.0,
 1820.3,
 823.0,
 1374.2,
 317.8,
 4935.9,
 4048.8,
 781.1,
 7705.5,
 2189.6,
 5198.2,
 1519.4,
 1388.3,
 14342.6,
 1923.6,
 1589.6,
 5373.6,
 3498.0,
 928.8,
 2402.6,
 8749.6,
 2562.5,
 2629.4,
 1729.4,
 4162.4,
 2591.5,
 3159.0,
 2467.3,
 1626.2,
 11553.6,
 4955.5,
 1017.3,
 6521.6,
 2543.1,
 4772.6,
 2752.3,
 2940.8,
 1190.3,
 1812.2,
 2429.8,
 2593.7,
 5582.3,
 4296.4,
 1880.2,
 1049.9,
 3838.2,
 811.3,
 3860.4,
 3360.4,
 979.5,
 2828.7,
 1007.7,
 1385.6,
 2635.4,
 1257.2,
 5613.6,
 4297.1,
 81583.1,
 3709.2,
 333.9,
 484.2,
 2281.6,
 7401.6,
 211.2,
 6201.2,
 4512.9,
 2201.6,
 3488.1,
 2375.9,
 1782.2,
 4612.3,
 2157.9,
 1065.7,
 3013.0,
 1104.2,
 1748.4,
 1118.3,
 1252.7,
 1805.5,
 6758.9,
 218.0,
 4577.3,
 896.5,
 511.0,
 5999.2,
 3538.1,
 2285.3,
 1521.4,
 3850.4,
 4195.9,
 895.1,
 3070.4,
 7269.9,
 331.6,
 1164.1,
 1366.3,
 776.3,
 920.8,
 973.8,
 1672.2,
 5079.3,
 5661.4,
 1156.8,
 3255.9,
 1537.1,
 614.0,
 1347.9,
 8019.0,
 22213.9,
 3677.3,
 4677.4,
 2563.0,
 7540.3,
 1199.1,
 4440.3,
 1847.1,
 1534.8,
 5268.1,
 837.8,
 1453.7,
 2932.5,
 620.2,
 3107.3,
 3003.9,
 8113.1,
 3140.6,
 1054.5,
 21660.2,
 3635.3,
 2861.1,
 770.7,
 2090.0,
 3424.8,
 5816.4,
 714.9,
 3083.8,
 2754.8,
 2033.1,
 3278.4,
 1582.1,
 2391.7,
 1945.8,
 1524.4,
 1557.8,
 1213.1,
 3482.3,
 553.1,
 1132.8,
 1368.9,
 1435.6,
 1919.1,
 3994.2,
 3852.4,
 3189.0,
 1880.2,
 484.1,
 5134.6,
 1327.5,
 3695.7,
 862.6,
 21185.8,
 227.1,
 1394.1,
 1655.1,
 904.9,
 6565.3,
 1810.5,
 6656.7,
 1413.2,
 559.6,
 1510.4,
 1067.6,
 7189.1,
 3446.9,
 1412.7,
 797.2,
 13501.6,
 1561.7,
 1726.4,
 1708.3,
 26259.6,
 3348.6,
 28096.5,
 3356.1,
 622.0,
 28096.5,
 2037.1,
 2048.0,
 4422.6,
 2133.9,
 3058.7,
 710.7,
 773.5,
 12062.7,
 3759.7,
 4332.6,
 1526.7,
 1748.7,
 4759.9,
 3292.0,
 5132.3,
 3971.2,
 1041.0,
 33048.7,
 3022.8,
 3621.1,
 6357.3,
 3639.2,
 2072.3,
 5112.6,
 3888.4,
 1342.3,
 3534.2,
 877.3,
 894.5,
 32758.7,
 4172.0,
 4195.4,
 2139.6,
 1922.0,
 3403.7,
 1850.8,
 1206.6,
 28124.9,
 1622.2,
 836.9,
 1159.8,
 3066.3,
 2919.8,
 970.7,
 5017.2,
 5970.8,
 770.7,
 671.9,
 640.3,
 2892.2,
 2490.7,
 19659.0,
 907.8,
 13094.7,
 2455.1,
 1561.6,
 7149.5,
 1653.3,
 807.9,
 3658.8,
 6717.2,
 2154.4,
 1731.0,
 6388.6,
 947.3,
 2908.0,
 6449.6,
 1836.2,
 1641.0,
 3715.6,
 1385.7,
 4673.0,
 885.0,
 2171.4,
 27020.3,
 34339.2,
 3321.1,
 1395.6,
 679.9,
 931.3,
 4954.4,
 1795.6,
 5247.7,
 2596.0,
 3461.3,
 2992.0,
 4264.6,
 1517.8,
 481.7,
 4524.4,
 2298.9,
 2907.1,
 3755.1,
 36175.4,
 4202.3,
 1455.9,
 7594.6,
 993.4,
 2669.6,
 4376.0,
 869.8,
 7024.8,
 2408.3,
 4680.8,
 1338.3,
 1417.8,
 1039.5,
 335.9,
 1345.6,
 1059.3,
 1397.9,
 920.4,
 3471.4,
 1086.3,
 595.7,
 469.5,
 1354.9,
 2210.2,
 1342.3,
 1278.3,
 1002.9,
 1371.9,
 1525.8,
 707.4,
 1070.3,
 2114.0,
 5211.7,
 714.4,
 3652.2,
 753.2,
 1612.0,
 958.1,
 3370.3,
 2100.7,
 2223.4,
 1358.7,
 900.5,
 5036.0,
 2768.4,
 1470.2,
 947.0,
 1991.0,
 1195.4,
 955.8,
 643.4,
 509.2,
 477.9,
 1351.0,
 38068.6,
 1949.4,
 1397.7,
 1679.9,
 1052.9,
 557.0,
 3083.9,
 3375.9,
 2046.3,
 2210.0,
 4176.3,
 967.3,
 1118.0,
 2707.1,
 1043.5,
 3182.5,
 991.9,
 1806.6,
 1558.0,
 803.6,
 1612.4,
 3509.1,
 10681.9,
 1896.1,
 2324.2,
 736.6,
 1333.7,
 729.1,
 2370.1,
 3217.1,
 1470.3,
 1256.1,
 2026.6,
 2914.9,
 1289.1,
 2229.5,
 1374.6,
 519.4,
 22848.3,
 18286.1,
 202.1,
 1361.2,
 1187.7,
 2040.2,
 673.5,
 601.4,
 2382.5,
 927.6,
 976.8,
 1257.7,
 8174.1,
 3872.6,
 1501.0,
 610.3,
 7301.7,
 7301.7,
 3981.7,
 6977.9,
 4173.1,
 1655.8,
 3595.3,
 1314.6,
 1707.7,
 1695.2,
 939.1,
 4337.4,
 1883.4,
 1571.5,
 533.4,
 1947.2,
 437.1,
 2529.0,
 4710.8,
 3486.8,
 514.7,
 3110.0,
 2305.9,
 4209.2,
 1681.5,
 1506.3,
 5495.2,
 6419.4,
 2831.2,
 2805.4,
 1498.3,
 15926.5,
 5257.1,
 1194.7,
 1322.0,
 1819.2,
 8142.8,
 2632.7,
 4594.2,
 6261.3,
 4281.3,
 4179.0,
 2354.8,
 1809.2,
 764.2,
 1487.2,
 4003.5,
 5384.5,
 1436.8,
 4115.3,
 3544.3,
 2030.2,
 4304.6,
 1981.8,
 1307.6,
 657.3,
 509.3,
 5212.1,
 1569.2,
 2282.2,
 1566.7,
 1422.3,
 1375.9,
 2248.0,
 1836.6,
 3210.4,
 740.4,
 1641.6,
 3211.5,
 2556.9,
 1508.9,
 1760.9,
 4003.0,
 1094.3,
 1524.3,
 2945.7,
 995.9,
 1551.2,
 1403.4,
 3177.4,
 6012.3,
 1110.2,
 8206.2,
 1432.5,
 1345.8,
 2180.6,
 1822.4,
 286.0,
 819.5,
 3709.9,
 548.1,
 789.1,
 839.3,
 3912.0,
 3879.1,
 5438.9,
 1507.2,
 4174.8,
 592.3,
 1252.9,
 1554.8,
 1223.7,
 5788.7,
 573.8,
 11319.7,
 1873.3,
 1294.7,
 954.0,
 1547.3,
 974.4,
 4581.8,
 3975.6,
 2257.0,
 6399.0,
 1206.1,
 2318.0,
 3169.1,
 2315.2,
 2232.2,
 3264.3,
 1780.3,
 4002.9,
 3050.3,
 1514.9,
 1942.5,
 335.4,
 4629.3,
 1210.6,
 1826.3,
 922.1,
 6859.6,
 1612.9,
 1203.9,
 1173.2,
 1437.1,
 977.5,
 3599.6,
 4182.4,
 5529.7,
 4743.8,
 4101.3,
 4944.8,
 2801.5,
 637.6,
 4840.2,
 2741.8,
 2362.7,
 1153.5,
 433.3,
 2161.3,
 5829.3,
 6165.8,
 2200.4,
 1569.5,
 2092.6,
 1274.7,
 2798.0,
 710.9,
 3685.6,
 1546.5,
 1377.2,
 1189.7,
 802.1,
 131.8,
 2827.8,
 3696.2,
 25347.3,
 2371.0,
 1235.8,
 1022.1,
 1308.1,
 4379.6,
 2754.3,
 1354.9,
 966.8,
 2546.6,
 5438.2,
 3486.1,
 4034.1,
 2055.2,
 2567.5,
 2504.9,
 5382.9,
 2504.9,
 596.4,
 414.2,
 1169.2,
 5137.3,
 629.6,
 27088.7,
 5304.9,
 3425.9,
 2468.9,
 1244.3,
 501.3,
 1202.3,
 816.8,
 2556.9,
 2343.4,
 2254.8,
 5504.2,
 3658.1,
 2485.0,
 9239.4,
 1982.1,
 2906.2,
 7567.4,
 3741.4,
 1227.6,
 1351.1,
 1327.6,
 2398.0,
 7567.4,
 1679.2,
 1699.6,
 2015.9,
 1091.1,
 2500.5,
 3335.4,
 1986.8,
 46364.9,
 8503.6,
 6618.0,
 5366.7,
 2481.6,
 436.2,
 866.0,
 1399.4,
 4627.3,
 1269.9,
 1572.6,
 1140.8,
 3385.6,
 1338.0,
 2896.0,
 6388.5,
 6388.5,
 1163.8,
 5252.9,
 3685.0,
 1101.8,
 1413.5,
 5555.0,
 2282.6,
 4434.4,
 2290.9,
 1754.3,
 3405.1,
 2381.3,
 2331.1,
 4001.4,
 633.3,
 1791.3,
 1525.7,
 1380.3,
 4859.4,
 1028.2,
 1094.2,
 816.8,
 6480.9,
 2929.0,
 2133.7,
 3478.5,
 4494.4,
 1299.6,
 5091.1,
 2441.0,
 654.5,
 2588.3,
 4707.1,
 4473.8,
 1524.7,
 222.4,
 4651.2,
 3664.1,
 450.7,
 3123.7,
 677.9,
 1878.2,
 1141.9,
 794.6,
 2666.0,
 11171.0,
 4124.7,
 5595.3,
 610.0,
 1171.5,
 2795.7,
 555.9,
 5360.2,
 3303.2,
 1483.8,
 1289.2,
 455.7,
 3153.4,
 18881.7,
 1538.1,
 3132.4,
 1711.8,
 2161.0,
 6449.5,
 1417.6,
 3767.7,
 2995.9,
 5152.1,
 1561.4,
 1646.7,
 4387.9,
 4659.8,
 4420.6,
 2330.7,
 1045.9,
 559.0,
 2297.2,
 1664.1,
 2948.6,
 2805.6,
 583.2,
 1722.0,
 1103.9,
 1356.5,
 3149.7,
 2951.1,
 12853.4,
 3780.8,
 1910.4,
 4716.4,
 483.0,
 1888.5,
 4112.4,
 775.3,
 676.3,
 1494.1,
 3333.0,
 2482.6,
 3415.7,
 1630.6,
 2157.0,
 5244.7,
 2965.2,
 838.0,
 938.3,
 2685.4,
 6198.5,
 7187.4,
 2615.2,
 6238.7,
 824.1,
 3592.0,
 943.2,
 6647.0,
 2073.7,
 3496.9,
 4057.2,
 2639.7,
 1065.6,
 4513.1,
 2895.1,
 41862.3,
 679.0,
 2288.6,
 5896.8,
 1064.0,
 1413.1,
 2646.3,
 3847.5,
 2006.0,
 259.6,
 2354.9,
 2253.0,
 1240.2,
 1143.3,
 595.5,
 4019.7,
 2196.7,
 17890.5]