[1565.6,
 590.8,
 4576.3,
 2035.7,
 43496.1,
 1923.6,
 358.8,
 1148.6,
 84187.6,
 2100.2,
 1156.8,
 1650.9,
 980.1,
 1877.0,
 1923.6,
 873.1,
 426.5,
 1363.7,
 1923.6,
 1923.6,
 1435.6,
 351.6,
 1258.7,
 391.9,
 1538.0,
 1587.6,
 463.1,
 1923.6,
 1923.6,
 2109.3,
 330.8,
 1857.3,
 784.8,
 45790.6,
 512.6,
 2615.3,
 1923.6,
 80705.3,
 856.6,
 597.8,
 2180.8,
 699.9,
 1665.0,
 4116.7,
 1821.4,
 438.2,
 81.9,
 4229.9,
 804.0,
 45367.2,
 331.6,
 774.8,
 1684.5,
 2425.8,
 1766.1,
 1884.5,
 1165.6,
 2228.7,
 839.1,
 583.1,
 2260.6,
 1156.8,
 1498.7,
 516.3,
 1572.6,
 7095.3,
 14438.8,
 7716.8,
 35247.4,
 1961.0,
 1375.8,
 5945.5,
 1075.5,
 232.1,
 397.6,
 1304.6,
 1836.7,
 601.2,
 988.3,
 552.2,
 358.8,
 8410.8,
 1823.1,
 1151.8,
 1482.3,
 1543.1,
 734.2,
 1984.0,
 889.5,
 535.3,
 1998.0,
 9483.2,
 646.8,
 1572.6,
 1397.6,
 2821.8,
 1476.3,
 918.1,
 1441.5,
 2011.8,
 2104.5,
 2075.3,
 176.4,
 509.5,
 1038.0,
 8168.6,
 1717.8,
 1923.6,
 1067.0,
 1581.7,
 141.1,
 1641.8,
 8840.4,
 414.1,
 2522.5,
 479.9,
 1654.1,
 1380.0,
 3754.6,
 827.3,
 935.5,
 451.1,
 1045.0,
 366.2,
 1034.0,
 1720.9,
 2000.2,
 29955.3,
 1535.4,
 1831.8,
 2436.8,
 1510.0,
 1141.9,
 875.1,
 1644.2,
 1923.6,
 1510.0,
 1369.3,
 387.4,
 3920.8,
 4853.5,
 410.5,
 1296.7,
 2138.2,
 2439.8,
 2367.2,
 897.1,
 1577.5,
 397.6,
 1048.5,
 1510.0,
 2404.4,
 47140.5,
 4425.5,
 365.6,
 1501.7,
 1570.4,
 2262.9,
 1377.7,
 605.6,
 1049.5,
 883.8,
 358.8,
 63800.7,
 63800.7,
 63800.7,
 70094.4,
 63800.7,
 1682.9,
 899.2,
 3814.7,
 1323.2,
 1463.8,
 36404.0,
 654.4,
 391.9,
 391.9,
 873.1,
 391.9,
 391.9,
 2341.9,
 1040.5,
 401.4,
 1027.2,
 1453.8,
 682.7,
 1847.8,
 1141.9,
 1049.7,
 24071.4,
 4767.4,
 189.9,
 2625.0,
 2065.5,
 2168.9,
 520.0,
 986.1,
 811.5,
 1342.3,
 1157.1,
 1300.7,
 1985.9,
 47053.2,
 1654.0,
 1501.6,
 969.1,
 1141.9,
 1923.6,
 3960.3,
 776.3,
 1483.9,
 1205.0,
 626.2,
 3739.1,
 1296.4,
 618.2,
 4035.3,
 2404.3,
 4176.6,
 2177.8,
 969.1,
 1728.1,
 1397.9,
 906.2,
 2743.1,
 24015.9,
 1156.7,
 1049.5,
 1725.5,
 686.6,
 1180.2,
 1173.8,
 1165.9,
 931.4,
 929.4,
 605.7,
 1298.2,
 4966.9,
 45793.4,
 529.1,
 1849.4,
 1027.2,
 1700.5,
 1929.8,
 1149.3,
 1748.8,
 2065.2,
 1803.8,
 1509.3,
 1408.0,
 1753.4,
 21419.4,
 1890.9,
 1681.6,
 1320.0,
 884.5,
 884.5,
 1699.6,
 973.9,
 85932.4,
 85787.9,
 400.7,
 1240.3,
 547.8,
 1064.0,
 19457.3,
 574.0,
 2353.8,
 4713.8,
 1282.1,
 14627.9,
 1153.6,
 437.3,
 679.3,
 1041.0,
 1539.2,
 80880.9,
 1250.5,
 899.0,
 1290.7,
 1728.5,
 1767.7,
 914.9,
 1463.6,
 420.4,
 377.2,
 621.6,
 3576.8,
 1174.7,
 3056.7,
 2987.3,
 1881.8,
 620.5,
 643.3,
 1503.4,
 1949.7,
 36183.0,
 1865.1,
 1466.1,
 543.3,
 3173.4,
 2135.9,
 635.1,
 1347.3,
 1337.1,
 1358.4,
 1465.6,
 1294.8,
 1619.1,
 892.9,
 700.7,
 63800.7,
 4485.1,
 4184.3,
 1669.0,
 973.6,
 3390.4,
 4174.6,
 364.9,
 1302.0,
 2112.8,
 1865.9,
 467.8,
 1519.8,
 1539.0,
 1399.1,
 826.2,
 814.8,
 1077.9,
 1260.4,
 1190.3,
 3659.7,
 1853.9,
 934.8,
 1913.9,
 1621.8,
 714.9,
 1471.0,
 854.2,
 1182.1,
 1247.8,
 2595.7,
 2838.3,
 512.3,
 1116.6,
 5093.1,
 5216.4,
 4634.6,
 47544.6,
 781.3,
 932.1,
 1873.5,
 547.9,
 2650.1,
 3012.4,
 907.8,
 1510.0,
 1418.4,
 437.1,
 627.6,
 367.5,
 1392.4,
 1669.8,
 1141.3,
 422.6,
 1790.6,
 561.8,
 1373.8,
 1270.5,
 4931.7,
 616.9,
 1175.8,
 847.8,
 1706.4,
 2711.4,
 515.6,
 1377.9,
 1370.4,
 561.8,
 63800.7,
 2295.4,
 80421.8,
 1224.3,
 1594.4,
 2021.4,
 1620.5,
 1368.6,
 1368.6,
 4460.2,
 994.0,
 2073.4,
 1759.8,
 896.5,
 1368.6,
 3003.9,
 1314.4,
 1485.1,
 1368.6,
 994.0,
 1361.8,
 986.5,
 25497.2,
 1844.7,
 724.0,
 1998.9,
 729.7,
 7028.2,
 994.7,
 1768.2,
 2219.5,
 687.8,
 2389.2,
 1492.6,
 21185.8,
 1316.1,
 2234.8,
 3388.2,
 652.8,
 1620.9,
 2122.7,
 2558.0,
 1136.6,
 1558.6,
 1294.7,
 63800.7,
 63800.7,
 63800.7,
 63800.7,
 1315.0,
 397.6,
 1665.0,
 1503.5,
 1397.5,
 1393.2,
 664.5,
 759.1,
 1088.1,
 241.4,
 3506.6,
 1297.7,
 1571.7,
 579.9,
 2286.9,
 12490.8,
 785.7,
 1415.1,
 1337.8,
 331.2,
 1220.1,
 478.1,
 500.9,
 514.7,
 2153.0,
 589.9,
 1844.3,
 1693.9,
 867.7,
 1945.9,
 1067.6,
 39918.3,
 1311.8,
 1368.6,
 1317.9,
 802.1,
 1478.9,
 1439.4,
 1515.9,
 1230.6,
 3359.8,
 1558.8,
 572.1,
 591.8,
 1474.2,
 1368.6,
 1056.4,
 2085.8,
 2077.9,
 1751.2,
 903.4,
 2176.8,
 886.8,
 1196.3,
 4400.3,
 2579.2,
 3389.0,
 1812.0,
 3944.6,
 17489.7,
 677.9,
 2764.5,
 1973.3,
 1554.4,
 2840.0,
 2669.5,
 1903.1,
 2084.9,
 1325.8,
 15212.3,
 1492.6,
 2774.6,
 836.8,
 303.6,
 1358.2,
 1638.7,
 455.7,
 331.7,
 547.8,
 1896.1,
 1220.0,
 616.7,
 12459.7,
 986.0,
 1136.4,
 950.8,
 2050.9,
 3793.7,
 5170.4,
 1673.8,
 1618.3,
 484.1,
 23324.7,
 3690.0,
 2306.4,
 1350.5,
 286.0,
 1574.7,
 818.6,
 612.6,
 79809.1,
 807.9,
 1268.0,
 481.7,
 1497.4,
 501.4,
 834.1,
 9438.7,
 1363.0,
 1303.7,
 253.8,
 2461.1,
 661.3,
 1804.2,
 978.0,
 14236.3,
 1774.8,
 916.8,
 3528.8,
 2389.3,
 1359.5,
 1224.3,
 1718.0,
 415.7,
 348.9,
 47534.3,
 2839.6,
 4359.6,
 3726.5,
 299.1,
 750.2,
 2839.2,
 4118.8,
 3408.5,
 1399.1,
 1808.0,
 729.7,
 759.9,
 1746.0,
 1551.9,
 1303.0,
 1126.6,
 1408.5,
 1805.5,
 1950.7,
 1328.2,
 1156.8,
 900.8,
 1769.4,
 1140.6,
 1300.7,
 1306.7,
 2359.6,
 966.0,
 4.4,
 547.8,
 547.8,
 4.4,
 4.4,
 25568.9,
 3737.5,
 1677.8,
 1047.6,
 1218.7,
 417.1,
 1055.6,
 559.8,
 1176.4,
 1510.4,
 761.1,
 1752.7,
 1790.3,
 1632.6,
 559.0,
 2046.5,
 4115.8,
 1518.5,
 464.6,
 2198.5,
 2281.1,
 756.5,
 447.3,
 1461.0,
 1616.0,
 3325.9,
 6165.8,
 817.5,
 1268.2,
 1542.7,
 1268.2,
 821.7,
 457.1,
 1572.9,
 528.6,
 1553.6,
 622.0,
 2142.9,
 2547.6,
 1725.9,
 589.7,
 1542.9,
 1360.4,
 1737.0,
 1176.6,
 1761.1,
 555.0,
 1761.1,
 552.0,
 1368.6,
 833.0,
 1402.6,
 1526.3,
 3715.7,
 1764.1,
 4473.9,
 6773.9,
 5860.4,
 239.1,
 1126.3,
 4.4,
 1106.1,
 1468.8,
 1844.3,
 4014.1,
 1840.6,
 884.2,
 1466.1,
 1112.3,
 1511.2,
 400.7,
 662.1,
 1397.1,
 2007.6,
 471.5,
 15427.9,
 1086.3,
 35254.3,
 2259.6,
 1350.5,
 1298.0,
 668.7,
 605.7,
 1463.5,
 1301.2,
 1971.0,
 1098.9,
 1442.7,
 1998.0,
 1661.6,
 3720.1,
 1871.3,
 1351.0,
 877.1,
 885.8,
 2385.0,
 953.4,
 1487.2,
 1355.8,
 881.3,
 2280.8,
 4398.6,
 1536.2,
 1345.8,
 2660.9,
 18.5,
 3557.6,
 1564.5,
 775.5,
 775.5,
 775.5,
 1683.5,
 769.5,
 2522.5,
 1371.2,
 23411.6,
 509.3,
 1552.2,
 1274.7,
 1340.8,
 1272.2,
 499.4,
 923.3,
 299.7,
 1488.0,
 1307.6,
 1162.3,
 676.0,
 900.8,
 714.8,
 594.7,
 1967.3,
 1620.9,
 1159.1,
 1465.0,
 1927.8,
 837.4,
 5876.3,
 6920.4,
 2355.3,
 1153.7,
 739.7,
 572.1,
 1219.4,
 1456.6,
 1998.0,
 1267.0,
 776.3,
 1458.6,
 8922.8,
 1039.6,
 516.6,
 259.8,
 2050.9,
 448.5,
 1657.0,
 1244.3,
 926.8,
 2084.2,
 2715.6,
 4306.8,
 4377.1,
 239.4,
 416.0,
 1423.1,
 171.0,
 2347.3,
 3597.6,
 2412.1,
 1044.7,
 768.0,
 1024.1,
 1510.0,
 1132.1,
 1679.9,
 1630.8,
 856.4,
 1630.8,
 1260.6,
 369.2,
 25160.1,
 1515.8,
 1515.8,
 1425.0,
 2562.5,
 2028.7,
 555.4,
 582.8,
 1624.5,
 727.9,
 1986.8,
 1855.9,
 1361.1,
 803.7,
 1257.5,
 45225.4,
 1731.0,
 383.8,
 1429.0,
 1844.3,
 573.0,
 1125.6,
 1237.2,
 551.3,
 22792.9,
 2811.4,
 715.0,
 764.2,
 797.2,
 2635.4,
 2048.0,
 1184.4,
 900.8,
 521.9,
 547.8,
 233.1,
 663.3,
 1182.2,
 594.4,
 1865.3,
 1356.7,
 841.2,
 1624.5,
 1624.5,
 2439.8,
 3715.3,
 2174.5,
 3075.9,
 2234.9,
 2038.7,
 1428.5,
 472.0,
 947.9,
 2533.0,
 563.1,
 588.5,
 4475.7,
 366.0,
 1689.3,
 1012.1,
 1587.9,
 1405.8,
 1483.4,
 1355.8,
 874.0,
 994.0,
 2526.7,
 1322.7,
 2576.9,
 3159.0,
 1177.1,
 506.6,
 397.6,
 291.5,
 2574.1,
 4484.3,
 661.8,
 895.9,
 17535.8,
 780.6,
 576.1,
 2013.1,
 2013.1,
 4802.2,
 1861.4,
 526.8,
 2284.2,
 2067.3,
 551.7,
 605.7,
 1057.4,
 819.2,
 663.9,
 1272.8,
 775.5,
 775.5,
 775.5,
 775.5,
 2033.0,
 1057.8,
 1380.7,
 1471.9,
 592.8,
 12311.6,
 1332.6,
 4211.4,
 1434.2,
 1024.5,
 1305.8,
 865.0,
 654.7,
 1017.3,
 1695.7,
 35774.5,
 1716.5,
 1558.6,
 1836.6,
 581.7,
 397.7,
 2086.7,
 1002.7,
 1067.8,
 1648.4,
 1818.6,
 2382.6,
 1654.6,
 1463.9,
 2663.5,
 6439.3,
 1828.5,
 588.8,
 1748.2,
 1257.2,
 1321.4,
 4158.2,
 413.9,
 400.8,
 406.1,
 413.9,
 437.7,
 233.1,
 753.0,
 1986.5,
 5428.5,
 2766.5,
 1186.1,
 561.4,
 396.1,
 1237.4,
 2702.9,
 2951.4,
 633.9,
 1336.3,
 1868.5,
 1696.3,
 1241.2,
 1040.5,
 1040.5,
 858.6,
 1162.1,
 493.7,
 46677.3,
 2354.8,
 1686.9,
 1138.6,
 446.8,
 1366.3,
 1718.2,
 1729.4,
 1392.4,
 1594.1,
 1699.8,
 2223.4,
 1399.4,
 780.7,
 1395.1,
 596.4,
 291.9,
 494.5,
 882.9,
 101.8,
 873.1,
 391.9,
 391.9,
 391.9,
 873.1,
 873.1,
 391.9,
 391.9,
 1090.7,
 1449.0,
 1066.8,
 2052.1,
 1307.6,
 926.8,
 4073.1,
 1844.3,
 1844.3,
 4576.3,
 9816.4,
 1550.9,
 2083.8,
 939.1,
 1062.0,
 433.3,
 433.3,
 433.3,
 2335.7,
 3636.8,
 2348.8,
 767.1,
 963.0]