[946.9,
 470.4,
 3096.0,
 3362.7,
 5380.5,
 563.6,
 3378.9,
 1875.8,
 790.3,
 560.5,
 1440.1,
 2105.6,
 278.6,
 2101.0,
 5722.8,
 7038.7,
 2273.3,
 933.6,
 2240.1,
 22299.5,
 25247.7,
 23269.1,
 2967.3,
 455.7,
 1347.9,
 1705.5,
 1332.2,
 4665.0,
 1995.9,
 1575.7,
 4412.7,
 3148.2,
 547.8,
 1044.0,
 878.4,
 533.8,
 3620.6,
 2379.8,
 6892.7,
 4824.9,
 1333.1,
 558.8,
 789.8,
 1289.4,
 5705.5,
 3893.6,
 2998.8,
 4719.6,
 6426.3,
 988.5,
 3740.8,
 4989.1,
 1540.4,
 7479.0,
 832.3,
 832.3,
 411.3,
 6616.0,
 584.3,
 2431.2,
 2845.3,
 2315.7,
 312.2,
 1823.8,
 1007.4,
 117.1,
 2265.5,
 3444.3,
 558.6,
 1540.4,
 1372.4,
 3919.5,
 246.9,
 2003.6,
 1750.9,
 3758.1,
 1790.1,
 848.5,
 1666.4,
 1213.8,
 1242.4,
 3369.6,
 7169.9,
 2569.7,
 1731.3,
 1631.3,
 2162.0,
 2555.4,
 2261.5,
 1612.3,
 4456.4,
 724.9,
 1332.1,
 1886.8,
 2278.6,
 4643.1,
 2011.8,
 1458.9,
 5217.3,
 4062.1,
 1080.5,
 549.1,
 3713.0,
 574.1,
 5059.2,
 528.6,
 281.5,
 700.8,
 1006.5,
 844.1,
 3558.5,
 1417.7,
 8125.0,
 619.9,
 1490.2,
 664.2,
 1681.4,
 1844.8,
 4150.1,
 3902.8,
 3548.6,
 773.5,
 22703.5,
 1713.9,
 3367.6,
 4664.8,
 560.7,
 1638.0,
 3691.2,
 4827.8,
 409.7,
 2162.1,
 1971.2,
 578.1,
 578.1,
 4691.6,
 2189.6,
 2385.7,
 3221.8,
 1388.9,
 3048.3,
 7701.9,
 22617.5,
 1559.2,
 599.7,
 2463.4,
 2086.2,
 3279.8,
 4003.7,
 7673.1,
 1579.5,
 6840.5,
 603.1,
 3255.2,
 1529.7,
 1861.0,
 223.9,
 4583.1,
 1537.0,
 4404.3,
 2436.3,
 679.3,
 3200.1,
 3636.8,
 1870.8,
 1828.2,
 2102.4,
 6526.7,
 7209.7,
 2694.3,
 834.5,
 1838.5,
 502.9,
 2604.2,
 1498.3,
 1315.8,
 709.7,
 4601.8,
 4206.5,
 20950.3,
 854.9,
 1455.2,
 2776.0,
 629.6,
 644.9,
 4696.4,
 1081.8,
 1845.0,
 3000.8,
 1307.3,
 4946.1,
 6355.8,
 1407.7,
 1222.8,
 609.3,
 1389.6,
 1702.1,
 319.5,
 902.2,
 2184.0,
 929.5,
 649.5,
 5022.5,
 856.4,
 1105.3,
 3611.9,
 869.9,
 2189.6,
 4384.9,
 527.6,
 3386.4,
 2467.1,
 1392.4,
 426.5,
 5513.5,
 2025.4,
 3411.6,
 1749.4,
 897.1,
 807.3,
 2267.7,
 1368.4,
 826.5,
 1610.0,
 2100.7,
 1598.4,
 4945.3,
 336.8,
 331.8,
 1972.1,
 967.4,
 738.0,
 758.8,
 826.5,
 1508.0,
 350.8,
 4581.8,
 991.5,
 5734.5,
 828.0,
 2029.6,
 1702.8,
 7918.2,
 2765.3,
 2112.7,
 630.9,
 1510.0,
 679.3,
 2978.2,
 1019.0,
 2753.6,
 6515.5,
 1818.7,
 1005.3,
 808.6,
 4027.9,
 1400.0,
 767.1,
 4031.4,
 5442.2,
 532.7,
 451.9,
 1661.8,
 13813.2,
 425.9,
 4005.6,
 282.0,
 1635.6,
 1354.2,
 1525.3,
 2219.2,
 650.7,
 1748.1,
 810.5,
 973.1,
 3446.6,
 1453.5,
 10380.4,
 2404.0,
 955.3,
 2354.4,
 588.8,
 826.1,
 1360.7,
 1893.4,
 1418.7,
 1221.7,
 7602.3,
 1462.9,
 1286.8,
 7238.3,
 698.3,
 845.0,
 1828.9,
 778.6,
 1146.8,
 921.8,
 1247.6,
 1091.7,
 1587.8,
 4272.6,
 1731.8,
 1798.0,
 673.7,
 468.8,
 1095.9,
 817.7,
 775.6,
 1709.5,
 1352.6,
 1610.9,
 3064.1,
 2558.3,
 329.8,
 489.9,
 5163.8,
 336.8,
 5633.8,
 360.2,
 1592.2,
 2481.8,
 2037.3,
 2707.3,
 14738.0,
 1488.3,
 1356.4,
 3680.0,
 929.4,
 9509.6,
 1309.5,
 5451.8,
 2002.8,
 4912.8,
 921.8,
 754.5,
 5793.8,
 7684.8,
 1476.3,
 2296.0,
 797.9,
 2155.0,
 6484.2,
 1992.0,
 152.9,
 2294.7,
 907.8,
 8039.0,
 783.3,
 28972.2,
 2694.4,
 5619.9,
 2012.7,
 615.8,
 3536.2,
 8067.8,
 1423.1,
 4089.4,
 470.6,
 1268.2,
 1268.2,
 3246.3,
 1566.5,
 5886.5,
 604.0,
 1095.9,
 1634.9,
 330.5,
 1094.5,
 1129.3,
 3876.2,
 2713.2,
 1948.4,
 675.7,
 353.3,
 2201.8,
 845.3,
 2180.8,
 1190.2,
 1921.3,
 4634.6,
 8587.5,
 1610.2,
 658.0,
 622.9,
 1574.2,
 397.7,
 2067.4,
 3746.0,
 1655.0,
 353.8,
 5757.1,
 2919.3,
 1751.1,
 1542.7,
 1391.0,
 2426.8,
 6579.9,
 28480.3,
 1154.8,
 946.9,
 1555.1,
 3036.5,
 1184.3,
 80514.0,
 1219.4,
 3570.5,
 3485.0,
 802.5,
 2555.2,
 1451.8,
 604.0,
 2642.1,
 1334.6,
 20947.2,
 6054.3,
 727.9,
 810.9,
 884.0,
 567.1,
 1462.9,
 1598.4,
 1598.4,
 1424.0,
 15.0,
 1494.1,
 1062.1,
 1208.6,
 3067.5,
 1278.1,
 1686.5,
 1097.0,
 1572.7,
 1234.8,
 3611.7,
 2497.6,
 3117.7,
 865.0,
 2381.2,
 1566.1,
 0.8,
 3387.8,
 2880.2,
 3523.0,
 955.3,
 1168.9,
 870.4,
 6265.7,
 4065.8,
 2350.5,
 2368.3,
 1402.6,
 2985.5,
 6607.1,
 5170.4,
 2880.7,
 3020.0,
 1709.5,
 1185.4,
 470.3,
 1598.4,
 1598.4,
 1115.7,
 1782.5,
 7935.5,
 9817.9,
 1956.1,
 1467.2,
 1593.3,
 399.5,
 684.2,
 1352.7,
 768.0,
 1047.5,
 1467.5,
 1296.7,
 286.8,
 1422.0,
 1937.8,
 1126.3,
 838.4,
 1490.0,
 825.4,
 725.3,
 3207.6,
 3222.3,
 561.8,
 2392.7,
 3111.0,
 2356.8,
 1536.2,
 1636.5,
 742.2,
 1399.1,
 1107.0,
 1440.4,
 1137.0,
 2346.0,
 692.7,
 1119.8,
 5773.6,
 2541.0,
 2000.1,
 999.7,
 7497.0,
 5092.4,
 353.5,
 2464.7,
 22792.9,
 534.4,
 994.4,
 1120.9,
 3653.9,
 2839.2,
 1467.5,
 602.0,
 2418.1,
 2067.2,
 433.3,
 244.3,
 1883.4,
 2774.4,
 854.5,
 1610.5,
 3954.2,
 2375.0,
 1489.5,
 698.4,
 1844.9,
 987.6,
 4736.1,
 4130.2,
 3139.6,
 1489.5,
 2157.9,
 2417.1,
 437.0,
 1145.3,
 354.1,
 1182.1,
 926.2,
 454.1,
 2070.6,
 859.4,
 3576.4,
 1825.5,
 902.7,
 1734.6,
 802.5,
 768.8,
 2348.8,
 1689.3,
 3982.4,
 1589.6,
 2750.6,
 3651.6,
 1830.7,
 1468.9,
 1446.5,
 4411.4,
 3651.6,
 1422.0,
 2007.6,
 2416.6,
 1737.0,
 3651.6,
 3035.8,
 7411.5,
 3089.4,
 4101.8,
 2446.5,
 4445.7,
 1299.6,
 1928.5,
 1400.8,
 4811.5,
 3854.2,
 1055.9,
 1758.3,
 2986.4,
 1654.6,
 673.4,
 4632.7,
 578.1,
 1608.4,
 4354.4,
 4723.9,
 1155.0,
 5517.6,
 1402.8,
 380.4,
 4351.0,
 617.5,
 1746.0,
 1728.3,
 1635.6,
 838.3,
 793.1,
 467.8,
 307.4,
 577.8,
 1332.6,
 4404.4,
 1005.4,
 7774.3,
 733.8,
 3637.0,
 1603.6,
 3003.8,
 5531.1,
 666.7,
 1944.0,
 1753.2,
 14593.3,
 2364.0,
 1132.1,
 274.8,
 2665.8,
 1428.5,
 761.8,
 891.0,
 6139.3,
 7604.4,
 2858.2,
 653.9,
 2723.9,
 34.1,
 5735.2,
 1681.2,
 299.7,
 952.9,
 1368.6,
 1358.0,
 204.3,
 1969.8,
 1121.3,
 241.7,
 756.6,
 1299.9,
 1217.1,
 804.5,
 752.1,
 752.1,
 5581.2,
 11502.5,
 2218.8,
 499.4,
 1892.8,
 1809.3,
 436.8,
 783.1,
 1729.5,
 1669.0,
 468.8,
 2243.5,
 798.2,
 5483.9,
 419.7,
 4469.2,
 1354.5,
 2581.2,
 1446.9,
 3371.9,
 90187.7,
 2108.8,
 2986.8,
 2161.0,
 330.8,
 560.5,
 5025.7,
 152.9,
 523.5,
 1663.1,
 2990.4,
 637.8,
 7091.2,
 4925.0,
 1070.2,
 1309.4,
 1270.9,
 1070.2,
 1646.0,
 543.3,
 2437.4,
 6190.7,
 675.7,
 5093.3,
 1447.7,
 1305.4,
 671.1,
 2304.5,
 1492.3,
 7205.5,
 1294.8,
 664.8,
 1665.0,
 1045.0,
 2235.8,
 6037.7,
 1784.1,
 4618.8,
 1392.4,
 1852.5,
 533.6,
 1391.2,
 3356.7,
 1797.2,
 745.1,
 3654.5,
 1350.0,
 3090.9,
 7422.0,
 6125.6,
 1956.6,
 906.2,
 3352.3,
 4100.0,
 335.4,
 1800.8,
 4422.4,
 583.2,
 2168.0,
 959.2,
 3363.0,
 1300.3,
 413.9,
 2677.5,
 32249.5,
 1635.1,
 1381.6,
 2476.5,
 1408.8,
 2444.0,
 499.4,
 1566.1,
 1372.7,
 2920.7,
 3389.0,
 333.4,
 45824.1,
 1217.1,
 1529.0,
 943.8,
 1216.2,
 4858.4,
 5162.8,
 263.1,
 3046.8,
 1509.2,
 1611.8,
 515.1,
 2827.8,
 548.8,
 635.7,
 1391.2,
 733.8,
 5681.6,
 423.8,
 1931.6,
 1779.5,
 3273.8,
 6125.6,
 2771.1,
 3132.4,
 2573.3,
 5161.8,
 5188.7,
 3118.2,
 4191.3,
 1881.5,
 6125.6,
 1396.6,
 485.4,
 485.4,
 1112.9,
 677.6,
 605.7,
 28639.0,
 417.8,
 663.9,
 1303.0,
 1026.4,
 3237.1,
 4986.9,
 6579.9,
 3044.8,
 555.3,
 546.3,
 769.3,
 2676.9,
 1024.5,
 3402.4,
 3623.5,
 4853.5,
 2098.0,
 3804.6,
 5698.7,
 2422.1,
 485.1,
 517.2,
 1551.8,
 2291.3,
 3301.5,
 3510.4,
 2734.5,
 359.3,
 3549.7,
 3386.7,
 692.5,
 6753.6,
 1307.0,
 4167.1,
 2552.2,
 22705.4,
 3499.1,
 1840.6,
 4668.3,
 1307.0,
 29477.4,
 2114.3,
 841.2,
 1054.7,
 1297.3,
 1307.0,
 249.1,
 3488.9,
 1117.6,
 5295.9,
 230.1,
 735.4,
 635.0,
 6998.6,
 8420.7,
 5758.1,
 868.4,
 5423.0,
 550.4,
 678.8,
 3307.7,
 2990.4,
 1112.0,
 1774.6,
 2231.0,
 1683.6,
 2634.0,
 10854.1,
 2031.1,
 1245.0,
 1117.6,
 963.0,
 540.0,
 2273.5,
 2443.8,
 1196.4,
 564.7,
 1981.9,
 1796.5,
 1177.8,
 299.7,
 5099.3,
 3244.5,
 3500.1,
 6481.5,
 3012.4,
 2325.4,
 545.5,
 547.1,
 2998.6,
 5216.4,
 12459.7,
 3565.5,
 4568.5,
 1188.4,
 2062.3,
 1001.1,
 446.7,
 3353.5,
 9637.4,
 1908.0,
 4384.1,
 22656.6,
 13513.7,
 2446.4,
 8067.8,
 1113.3,
 1432.7,
 1432.7,
 1578.1,
 1411.7,
 70.1,
 3548.1,
 1213.9,
 4665.0,
 3597.6,
 45793.4,
 4008.1,
 2085.7,
 652.3,
 907.2,
 1596.5,
 1492.4,
 152.9,
 544.6,
 598.6,
 1440.1,
 1104.9,
 1501.6,
 884.0,
 1423.5,
 4740.0,
 2130.4,
 4077.2,
 2023.3,
 1665.0,
 587.7,
 1107.4,
 1145.7,
 1653.8,
 1598.4,
 1425.2,
 1539.2,
 1449.0,
 3914.3,
 6484.2,
 908.1,
 1490.2,
 871.9,
 2596.0,
 5515.8,
 824.8,
 463.1,
 1442.7,
 453.0,
 1452.9,
 2698.6,
 2460.6,
 3157.1,
 6089.6,
 1567.8,
 3257.3,
 3380.1,
 5913.2,
 696.1,
 519.9,
 6122.4,
 5873.3,
 745.6,
 1323.2,
 1889.7,
 1502.9,
 773.4,
 2980.2,
 2429.3,
 1754.8,
 1714.1,
 1921.1,
 1137.5,
 1517.5,
 230.1,
 3072.6,
 1876.0,
 776.3,
 378.0,
 2725.7,
 1089.1,
 2005.4,
 27101.4,
 508.4,
 514.6,
 2406.2,
 4594.1,
 4565.0,
 1153.7,
 1936.7,
 1359.9,
 2298.6,
 1581.4,
 364.5,
 15649.6,
 4939.4]

